BGR->YCbCr
0.126688
0.122618
0.1219
0.122726
0.121915
0.122348
0.121927
0.122632
0.122409
0.122046
BGR->YCbCr w/ OpenMP, simple, 4 kernels
0.0658012
0.0646071
0.0644509
0.0649582
0.0654994
0.0651924
0.0649178
0.0646006
0.0644424
0.0651671
BGR->YCbCr w/ OpenMP, simple, 8 kernels
0.0638042
0.0637785
0.0633274
0.0654452
0.0649494
0.0630122
0.0628738
0.0665062
0.0632682
0.0665085
BGR->YCbCr w/ OpenMP, double, 4 kernels
0.0664543
0.0669093
0.0669308
0.067204
0.0672254
0.0667766
0.0665762
0.0668503
0.0665255
0.0668302
BGR->YCbCr w/ OpenMP, double, 8 kernels
0.0671007
0.0659999
0.0655697
0.0656938
0.0691555
0.0655804
0.0675744
0.0662887
0.0672572
0.0667342
Blur
2.40575
2.40073
2.40975
2.44929
2.43531
2.44205
2.40399
2.414
2.44907
2.5229
Blur w/ OpenMP, simple, 4 kernels
1.39952
1.21547
1.34101
1.21077
1.20959
1.20997
1.22685
1.23511
1.19797
1.26309
Blur w/ OpenMP, simple, 8 kernels
1.22413
1.23956
1.24455
1.24406
1.22786
1.22458
1.22411
1.22168
1.22248
1.2276
Blur w/ OpenMP, double, 4 kernels
1.19023
1.20498
1.21216
1.19013
1.20519
1.20786
1.19512
1.20172
1.19695
1.20268
Blur w/ OpenMP, double, 8 kernels
1.21674
1.22721
1.2258
1.22104
1.22734
1.21487
1.22525
1.23374
1.22593
1.20686
RGB->YCbCr w/ OpenCV
0.0119462
0.0067727
0.00717941
0.00681742
0.00698996
0.00742926
0.00701283
0.0069729
0.00699901
0.00707583
Gauss w/ OpenCV
0.0116141
0.0112802
0.0120506
0.0111416
0.0118062
0.0110872
0.0114968
0.011086
0.0118809
0.011411
